
I performed 100 simulation replicates for each of

    no. viable = 500, 1000, ..., 3500
    no. obs mutants = 500, 1000, ..., 2500

----------------------------------------

    RMS error (of posterior mean)

    no.       no. obs. mutants
  viable   500 1000 1500 2000 2500
    500     27   14   11   10    8
    1000    78   35   26   23   17
    1500   126   69   41   35   27
    2000   205  100   58   41   37
    2500   308  123   76   68   58
    3000   334  167  114   90   71
    3500   316  199  153   97   85


    Coverage (of 95% credible interval)

    no.       no. obs. mutants
  viable   500 1000 1500 2000 2500
    500     95   97   94   92   89
    1000    87   94   95   90   93
    1500    90   89   94   92   96
    2000    92   93   95   98   91
    2500    88   95   94   92   89
    3000    85   92   94   87   91
    3500    90   91   88   93   94


    Average Length (of 95% credible interval)

    no.       no. obs. mutants
  viable   500 1000 1500 2000 2500
    500     99   56   40   32   27
    1000   253  135   99   77   64
    1500   449  236  167  127  106
    2000   685  346  242  186  149
    2500   914  477  321  244  200
    3000  1042  595  407  309  251
    3500  1039  708  491  377  305

----------------------------------------
