"MT"	"TA"	"Unique"
1	31	0
2	31	0
3	35	1
4	7	0
5	40	0
6	45	0
7	10	0
9	4	0
10	4	0
11	7	0
12	4	0
13	10	0
14	3	0
15	16	0
16	15	0
17	24	0
18	16	0
19	36	1
20	27	0
21	25	0
22	13	0
23	51	0
24	22	0
25	3	0
26	12	0
27	12	1
28	4	1
29	14	0
30	5	0
30.1	4	0
32	8	0
33	9	0
34	5	0
35	1	0
36	6	0
37	56	0
38	3	0
39	5	0
40	25	2
40	25	1
41	4	0
42	19	1
43	7	2
44	4	0
46	9	0
47	72	0
48	5	0
49	10	0
50	20	2
50	20	1
51	7	0
52	16	0
53	7	0
54	16	1
54	16	2
55	8	0
56	41	0
57	34	0
58	7	0
59	6	0
60	5	0
61	4	0
62	7	0
63	15	0
64	38	0
65	20	0
66	23	0
66.1	6	0
66.2	4	1
67	21	1
68	23	0
69	1	0
70	68	0
71	8	0
72	38	1
72	38	1
73	12	0
74	12	0
75	12	0
76	18	0
77	8	1
78	16	1
79	15	1
80	19	1
81	24	0
82	3	0
83	15	0
84	8	0
85	10	0
85.1	2	0
86	14	0
87	4	0
88	5	1
89	7	0
90	23	0
91	9	0
92	4	0
93	15	0
95	20	0
96	15	0
98	10	0
99	12	1
99.1	5	0
100	11	0
101	30	0
102	8	0
103	12	0
104	10	0
105	34	0
106	26	0
107	11	0
108	32	1
109	3	0
110	122	1
111	42	0
112	30	0
113	27	0
114	5	0
115	12	0
116	63	0
116.1	4	0
117	2	0
118	29	0
119	17	1
120	42	0
121	31	0
122	26	0
123	18	0
124	3	0
125	14	0
125.1	17	0
126	26	0
127	13	0
128	27	1
129	11	0
130	11	0
131	8	0
132	15	0
133	10	0
134	30	2
135	30	0
136	19	0
137	30	1
138	4	0
139	18	0
140	15	0
141	7	0
142	12	0
143	11	0
144	23	0
145	11	0
146	6	0
147	12	0
148	15	1
149	9	0
150	6	0
151	27	0
152	14	0
153	15	0
154	16	0
155	26	0
156	16	0
157	21	0
158	4	0
160	44	1
161	40	3
161	40	1
162	11	0
163	12	1
164	12	0
165	14	0
167	16	0
168	50	1
169	42	0
170	19	0
171	16	0
172	10	0
173	8	0
174	6	0
175	24	1
176	7	0
177	9	0
178	44	4
178	44	1
178	44	1
179	18	0
180	25	0
181	33	2
182	16	1
183	31	0
184	9	0
185	15	0
186	12	0
187	11	4
188	22	0
189	28	0
190	15	0
191	21	0
192	18	0
193	11	0
194	10	0
195	34	0
196	3	0
197	7	0
198	10	0
199	23	0
200	3	0
201	19	0
202	13	1
203	34	1
203	34	2
203	34	3
203	34	1
204	58	1
204.1	4	0
205	7	0
206	7	0
207	31	0
208	42	0
209	12	0
210	7	0
211	8	0
212	39	1
213	3	0
214	19	0
215	12	1
215	12	2
216	34	0
217	9	0
218	12	0
219	15	0
220	12	0
221	24	0
222	6	0
223	31	1
224	34	0
225	20	0
226	23	0
227	21	0
228	19	0
229	11	0
230	24	0
231	26	1
231	26	1
231	26	1
231	26	1
232	7	0
233	24	1
234	15	0
235	20	0
236	29	0
237	23	0
238	14	0
239	16	1
240	18	1
240	18	1
241	36	6
241	36	1
241	36	2
242	9	0
244	11	1
245	20	0
246	27	0
247	38	0
250	9	0
251	13	0
252	13	1
252	13	1
253	2	0
254	9	0
255	16	1
256	11	0
257	20	2
258	23	1
258	23	1
259	4	0
260	33	1
261	12	0
262	38	0
263	23	0
264	4	0
265	5	0
266	41	2
267	6	0
268	15	0
269	32	0
270	2	0
270.1	3	0
270.2	2	0
271	8	0
272	7	0
273	22	1
274	24	0
275	7	0
276	16	0
277	11	0
278	9	0
279	42	2
280	15	2
281	13	1
282	11	0
283	25	1
284	34	0
285	15	0
286	17	0
286.1	8	0
287	8	1
288	17	0
289	6	0
290	7	0
291	25	0
291.1	2	0
291.2	2	0
291.3	1	0
291.4	12	0
292	30	0
293	14	0
294	4	0
295	23	0
296	24	0
297	61	0
298	5	0
299	31	0
300	5	0
301	7	0
302	13	0
303	19	0
304	13	0
305	17	0
306	27	0
307	14	0
308	10	0
310	42	0
311	16	0
312	5	0
313	1	0
314	7	1
315	8	0
316	12	0
318	197	2
318	197	1
318	197	1
318	197	1
318	197	2
318	197	1
319	8	0
320	9	1
321	15	0
322	12	0
323	12	0
324	17	0
325	6	0
326	22	0
327	5	0
328	1	0
328.2	6	0
329	10	0
330	8	0
332	13	1
332	13	1
333	7	0
334	8	3
335	16	0
336	6	0
337	24	0
338	12	1
339	12	0
340	6	1
341	9	0
342	24	2
343	11	0
344	10	0
345	9	0
346	18	1
346	18	2
347	14	0
348	19	0
349	2	0
350	18	1
351	22	0
352	35	0
353	30	0
355	5	0
356	19	0
357	27	2
357.1	13	0
359	12	0
360	7	0
361	29	0
362	18	0
363	18	0
364	5	0
365	17	0
366	8	0
367	14	0
368	6	0
369	10	1
370	171	3
370	171	2
372	9	0
373	24	0
374	13	0
375	10	0
376	8	0
377	8	1
378	16	1
378	16	1
379	17	0
380	13	0
381	19	0
382	6	0
383	2	0
384	17	0
384.1	8	0
385	21	0
386	7	0
387	6	0
388	38	0
389	6	0
390	10	0
391	9	0
392	9	0
393	10	0
394	16	0
395	12	0
396	9	0
397	25	0
398	21	0
399	44	1
399	44	1
400	26	0
401	9	0
402	21	0
403	16	0
404	10	0
404.1	9	0
405	7	0
406	6	0
407	9	0
407.1	7	0
408	5	0
409	24	0
410	10	0
411	3	0
412	55	1
413	23	0
414	4	0
415	7	0
416	2	0
417	87	0
418	123	0
419	13	0
420	20	0
421	43	0
422	17	1
423	32	0
424	9	0
425	24	2
426	7	0
427	10	0
428	12	0
429	4	0
430	15	0
431	7	0
432	28	0
433	22	0
434	9	0
435	10	0
436	14	0
437	22	0
438	8	0
440	40	0
441	7	0
442	13	0
443	17	0
444	9	0
445	9	0
446	10	0
447	12	0
448	24	0
449	13	0
450	2	0
451	23	1
452	17	1
452	17	1
453	8	0
454	14	0
455	20	0
456	13	0
457	9	1
458	24	1
459	16	0
460	9	0
461	10	0
462	17	0
463	29	3
464	17	0
465	23	1
465	23	1
466	84	1
466	84	1
467	15	0
468	14	1
469	23	1
470	13	0
471	15	0
472	10	0
472.1	10	0
473	38	1
474	23	0
475	5	0
476	3	0
477	17	1
477	17	1
477	17	1
478	27	0
479	4	0
480	14	0
481	28	1
482	8	0
483	18	0
484	13	0
485	24	0
486	11	0
487	11	0
488	12	0
489	13	1
490	15	0
491	7	1
491	7	1
492	1	0
493	10	0
494	4	0
495	7	0
496	3	0
497	13	0
498	18	0
499	11	0
500	13	0
501	29	0
502	10	0
503	23	0
504	13	0
505	9	0
507	9	0
508	11	0
509	16	0
510	9	1
511	11	0
512	9	0
513	17	0
514	7	0
515	13	0
516	9	0
517	14	0
518	12	0
519	5	0
520	13	0
521	4	0
522	25	0
523	19	0
524	22	1
524	22	1
525	11	0
526	16	0
527	9	1
528	81	1
528	81	1
529	8	1
530	28	0
531	12	0
532	18	0
533	22	0
534	7	0
535	2	0
536	21	2
536	21	1
536	21	1
537	9	0
538	19	0
539	12	0
540	1	0
541	9	1
541	9	1
541	9	1
542	5	0
543	5	0
544	23	1
545	9	0
546	21	0
547	10	0
548	7	0
549	5	0
550	16	0
551	18	0
552	17	1
553	3	0
554	4	0
555	3	0
556	21	0
557	15	3
558	11	0
559	9	0
560	12	0
562	20	0
563	15	0
564	6	0
565	11	0
566	21	0
567	14	0
568	8	0
569	6	0
570	14	0
571	8	0
572	10	0
573	12	1
573.1	3	0
574	4	0
575	3	0
576	2	0
577	32	0
578	23	0
579	12	0
580	14	0
581	15	0
582	13	0
583	16	0
584	14	0
585	6	0
586	15	0
587	18	0
588	14	0
589	11	0
590	11	0
591	36	0
592	5	0
593	19	0
594	12	0
595	5	0
596	38	1
597	13	0
598	1	0
599	8	0
600	4	0
601	16	0
602	20	0
603	1	0
604	14	1
605	19	0
606	13	2
607	27	0
608	11	0
608.1	13	0
609	15	0
610	13	0
611	7	0
612	62	0
613	32	0
614	8	0
615	12	0
616	11	0
617	15	0
618	27	0
619	11	0
620	7	0
621	19	0
622	29	0
623	19	0
624	31	0
625	8	0
626	5	0
627	13	0
628	7	0
629	8	0
630	7	0
631	11	0
632	7	0
633	10	1
633	10	1
635	8	0
636	5	0
637	2	0
638	7	0
638.1	2	0
639	5	0
640	11	0
641	12	1
642	6	0
643	16	1
644	14	0
645	4	0
645.1	5	0
645.2	4	0
646	3	0
647	18	1
648	9	0
649	9	0
650	14	1
651	3	0
652	6	0
653	10	0
654	4	0
655	2	0
656	4	0
657	16	0
658	34	0
659	19	0
660	13	0
661	15	0
662	13	0
662.1	6	0
663	3	0
664	14	0
665	7	0
666	7	0
667	7	0
668	12	0
669	5	0
669.1	7	0
670	19	4
671	22	0
672	13	1
672	13	1
672	13	2
673	21	1
674	12	1
675	14	0
676	48	0
677	5	0
679	5	0
680	5	0
682	16	0
683	27	0
684	12	0
685	4	0
686	1	0
687	17	0
688	4	0
689	2	0
690	5	0
691	6	0
692	46	1
692.1	6	0
693	5	0
694	4	1
695	38	0
696	51	0
697	2	0
698	37	1
699	5	1
700	13	0
701	27	0
702	9	0
703	7	0
704	4	0
705	32	1
706	6	0
706.1	5	0
707	6	0
708	3	0
709	12	1
710	8	0
711	5	0
712	34	0
713	11	0
714	12	0
715	17	0
716	18	0
717	4	0
717.1	3	0
718	17	0
719	9	0
719.1	4	0
719.2	6	1
720	18	0
721	19	0
722	12	0
723	26	1
724	27	0
724.1	2	0
725	1	0
726	11	0
726.1	6	0
727	6	0
728	16	0
729	11	0
730	4	0
731	17	0
732	2	0
733	8	0
734	14	0
735	10	0
736	4	0
737	11	0
738	44	0
739	19	0
740	19	1
740.1	4	0
741	4	0
741.1	5	0
742	4	0
742.1	2	0
743	10	0
744	15	0
745	4	0
746	11	0
747	1	0
748	2	0
749	24	0
750	15	0
751	16	0
752	12	0
753	9	2
754	19	0
755	3	0
756	10	0
756.1	28	0
757	5	0
758	9	0
759	7	1
760	8	0
761	1	0
762	5	0
762.1	4	0
763	1	0
764	18	0
765	4	0
766	9	0
767	3	0
768	5	0
768.1	2	0
769	9	0
770	11	0
771	1	0
772	7	0
772.1	14	0
772.2	3	0
772.5	16	0
772.6	2	0
773	4	0
773.1	1	0
774	8	0
775	7	0
776	15	0
777	18	0
778	31	0
779	55	0
780	6	0
781	9	0
782	12	0
783	18	0
784	3	0
785	6	0
786	13	0
787	13	0
787.1	4	0
788	18	1
789	11	0
790	25	2
791	14	0
792	27	1
793	17	0
794	10	0
795	10	0
796	24	0
797	20	0
798	10	0
799	9	0
800	16	2
801	18	0
802	21	0
803	10	0
804	26	0
805	62	0
806	5	0
807	28	0
808	12	0
809	35	0
810	14	1
811	12	0
812	2	0
813	12	0
814	7	0
815	21	0
816	13	0
817	30	0
818	13	0
819	16	0
820	10	0
821	16	1
822	16	0
823	35	0
824	7	0
825	18	0
826	41	0
827	2	0
828	2	0
829	27	0
830	14	0
831	4	0
832	17	0
833	16	0
834	13	0
835	4	0
836	2	0
837	15	0
838	3	0
839	15	0
840	11	0
841	14	0
842	12	0
843	6	0
844	29	1
845	17	2
846	19	0
847	13	0
848	22	2
848	22	1
849	7	0
850	5	1
851	20	0
852	20	0
853	1	0
854	4	0
854.1	11	0
855	27	0
856	17	0
856.1	14	0
857	10	0
858	23	0
859	2	0
860	7	0
861	14	0
862	9	0
863	3	0
864	24	0
865	18	1
866	9	1
867	27	0
869	31	0
870	6	0
871	30	0
872	23	0
873	9	0
874	9	0
875	15	0
876	26	0
877	6	1
878	13	0
879	5	0
880	8	0
881	21	0
882	8	0
883	27	0
884	26	0
885	29	0
886	6	0
887	11	0
888	8	0
889	3	0
890	11	0
891	6	0
892	14	0
892.1	5	0
893	4	0
894	27	0
895	6	0
896	34	0
897	11	0
898	12	0
899	26	0
900	15	2
901	19	1
902	3	0
903	5	0
904	15	0
905	1	0
906	6	0
907	12	0
908	14	0
909	26	3
910	4	0
910.1	1	0
910.2	7	0
910.3	3	0
910.4	3	0
911	32	0
912	12	0
914	48	1
914	48	1
914	48	1
915	25	1
915.1	15	0
916	43	0
917	24	0
918	18	0
919	29	0
920	28	0
921	19	0
921.1	1	0
922	19	0
923	2	0
924	9	0
925	17	0
926	10	0
927	24	0
928	9	0
929	15	0
930	43	0
931	30	0
932	3	0
933	2	0
934	7	1
934.1	15	0
936	4	0
937	8	0
938	41	0
939	16	0
940	19	0
941	5	0
942	42	0
943	4	0
944	8	0
945	10	0
946	4	0
947	22	0
948	7	0
949	19	0
950	21	0
951	20	0
952	16	0
953	21	0
954	6	0
955	24	0
956	17	0
957	16	0
958	45	0
959	25	1
960	12	0
961	21	0
962	12	0
963	20	0
964	12	0
965	43	0
966	31	0
967	15	0
968	9	2
968	9	1
968.1	4	3
969	17	1
970	8	0
971	7	0
972	19	0
973	5	0
974	9	1
975	12	0
976	45	0
977	21	0
978	16	0
979	11	0
980	16	0
981	28	0
982	18	0
983	15	0
984	24	0
985	15	0
986	19	0
987	3	0
988	6	0
989	7	2
990	15	0
991	3	0
992	10	0
992.1	4	0
993	7	0
994	11	0
995	1	0
996	7	0
997	21	0
998	12	0
999.1	6	0
1000	18	0
1001	25	0
1002	20	0
1003	20	0
1003.1	20	0
1004	32	1
1006.1	9	0
1007	5	0
1008	16	0
1009	11	0
1010	22	0
1011	15	0
1012	5	0
1013	9	0
1014	25	0
1015	94	0
1017	41	0
1018	18	0
1019	8	1
1020	3	0
1021	6	0
1022	14	0
1023	14	0
1024	5	0
1025	19	0
1025.1	2	0
1025.2	5	0
1025.3	3	0
1026	3	0
1027	12	0
1028	11	0
1029	8	0
1030	20	0
1031	24	0
1032	8	0
1033	13	0
1034	30	0
1035	41	1
1035	41	1
1035	41	2
1035	41	1
1036	31	0
1037	11	0
1038	12	0
1039	12	0
1040	13	0
1040.1	6	0
1041	21	0
1042	11	0
1043	9	1
1044	6	0
1045	12	0
1046	25	0
1047	8	0
1048	40	1
1049	12	0
1050	18	0
1051	16	0
1052	8	0
1053	6	0
1054	8	0
1054.1	3	0
1055	6	0
1056	11	0
1057	29	0
1058	28	0
1059	15	0
1060	10	0
1061	25	0
1062	16	1
1062	16	1
1063	2	0
1065	4	0
1066	4	0
1067	3	0
1068	24	0
1069	8	0
1070	3	0
1070.1	2	0
1071	3	0
1072	18	0
1073	14	1
1074	13	0
1075	12	1
1075.1	13	0
1076	16	0
1077	3	0
1078	24	1
1079	4	0
1080	12	0
1081	8	1
1082	19	0
1083	5	1
1083.1	11	0
1083.2	5	0
1084	6	0
1085	22	0
1086	3	0
1087	23	0
1088	30	0
1089	10	0
1090	5	0
1091	14	0
1092	6	0
1093	15	0
1094	6	0
1095	10	0
1096	4	0
1096.1	15	0
1096.2	1	1
1097	13	0
1098	3	0
1099	21	0
1100	8	0
1101	12	0
1102	17	0
1103	19	1
1104	11	0
1105	18	2
1106	25	0
1107	2	0
1108	27	0
1109	18	0
1110	18	0
1111	9	0
1112	7	0
1113	13	0
1114	3	0
1115	26	0
1117	11	0
1118	15	0
1118.1	20	0
1118.2	7	0
1119	6	0
1120	4	0
1121	2	0
1122	7	0
1122.1	2	0
1123	22	0
1124	19	0
1125	13	0
1126	12	0
1127	13	0
1128	19	0
1129	17	0
1130	13	0
1131	13	0
1132	6	0
1133	18	0
1134	8	2
1135	4	0
1136	24	0
1137	17	1
1138	2	1
1139	10	0
1140	9	0
1141	14	0
1142	24	3
1142	24	1
1143	10	1
1143.1	2	0
1144	3	0
1145	18	0
1147	5	0
1148	5	0
1149	3	0
1150	12	0
1151	3	0
1152	4	0
1153	24	0
1154	14	0
1155	9	0
1156	12	0
1157	8	0
1157.1	14	0
1158	10	0
1159	19	0
1160	27	0
1161	27	1
1162	27	0
1163	17	0
1164	29	0
1165	35	0
1166	1	0
1167	5	0
1168	25	0
1169	6	0
1169.1	3	0
1170	2	0
1171	16	0
1172	9	0
1172.1	4	0
1173	11	0
1174	14	0
1175	8	0
1176	19	2
1176	19	1
1177	11	0
1178	3	0
1179.1	35	0
1180	9	0
1181	7	0
1182	2	0
1183	24	1
1184	18	1
1184	18	2
1185	9	0
1186	5	0
1187	19	0
1188	15	0
1189	10	0
1190	1	0
1191	12	0
1192	3	0
1193	8	2
1194	11	0
1195	28	0
1196	15	0
1197	4	0
1198	75	0
1199	35	1
1200	15	1
1201	18	1
1201	18	1
1202	15	1
1202	15	1
1203	23	0
1204	9	0
1205	16	1
1206	3	0
1207	11	0
1208	6	0
1209	15	0
1210	43	0
1211	8	0
1212	28	0
1213	24	0
1214	7	0
1215	20	0
1216	6	2
1216	6	2
1217	35	0
1218	98	0
1219	40	0
1220	52	1
1221	22	0
1222	32	0
1223	18	0
1224	24	1
1225	21	0
1226	8	0
1227	9	0
1228	10	0
1229	14	0
1230	21	0
1231	18	0
1232	5	0
1233	5	0
1234	10	0
1235	3	0
1236	4	0
1237	16	0
1238	29	0
1239	11	0
1240	16	0
1241	8	0
1242	16	0
1243	13	1
1244	37	0
1245	10	0
1246	14	0
1247	5	0
1248	11	0
1249	5	0
1250	31	1
1250	31	1
1251	30	1
1252	5	0
1253	26	1
1253	26	1
1253	26	1
1253	26	1
1254	19	0
1255	20	0
1256	6	0
1257	10	0
1258	10	0
1259	17	0
1260	8	0
1261	22	0
1262	5	0
1263	6	0
1264	15	0
1264.1	7	1
1265	9	0
1266	3	0
1267	15	0
1268	20	0
1269	7	0
1270	11	1
1271	19	0
1272	9	0
1273	30	0
1274	19	0
1275	12	0
1276	25	2
1277	25	0
1278	5	0
1279	2	1
1280	9	2
1280.1	19	0
1281	8	0
1283	14	0
1284	9	0
1285	4	0
1286	46	0
1287	12	0
1288	5	0
1289	30	0
1290	61	0
1291	7	0
1292	35	0
1293	26	0
1294	10	0
1295	16	0
1296	16	0
1297	22	0
1297.1	11	0
1298	28	0
1299	11	0
1300	6	0
1301	22	0
1302	13	0
1303	11	0
1304	29	0
1305	20	1
1305.1	4	0
1306	11	1
1306	11	1
1307	8	2
1308	11	0
1309	7	0
1310	30	1
1310	30	1
1310	30	1
1311	32	0
1312	5	0
1312.1	6	0
1313	8	0
1314	20	2
1315	28	0
1316	30	0
1317	26	0
1318	28	0
1319	16	0
1320	21	0
1321	2	0
1322	6	0
1323	10	0
1324	34	0
1325	12	0
1326	33	0
1327	10	0
1328	33	1
1329	8	0
1330	2	0
1330.1	5	0
1331	34	0
1332	27	0
1333	23	0
1334	20	0
1335	15	0
1336	22	0
1337	6	0
1338	14	0
1339	14	0
1340	10	0
1341	19	1
1341	19	1
1342	1	0
1343	4	0
1344	10	0
1345	7	0
1346	3	0
1347	20	0
1348	25	0
1349	18	0
1350	20	0
1351	1	0
1352	10	0
1353	16	0
1354	15	0
1355	16	0
1356	2	0
1357	9	0
1358	13	0
1359	19	0
1360	22	0
1361	31	1
1362	29	1
1363	12	0
1363.1	5	0
1364	6	0
1365	14	0
1366	6	0
1367	8	0
1367.1	3	0
1368	42	0
1369	43	0
1370	45	0
1371	24	0
1372	23	2
1373	5	0
1374	7	0
1375	13	0
1376	12	1
1376.1	5	0
1377	19	0
1378	12	0
1379	16	0
1380	19	1
1380	19	2
1381	13	0
1382	5	0
1383	5	0
1384	12	0
1385	10	0
1387	20	0
1388	14	0
1389	14	0
1390	38	0
1392	19	0
1393	14	0
1394	10	0
1395	5	0
1396	13	0
1397	44	1
1398	35	0
1399	28	0
1400	13	1
1401	3	0
1402	73	1
1403	17	0
1404	5	0
1405	14	0
1406	14	0
1407	14	0
1408	6	0
1409	1	0
1410	35	0
1411	5	0
1412	19	0
1413	5	2
1414	18	0
1414.1	3	0
1415	7	0
1416	31	0
1417	18	0
1418	19	0
1418.1	14	0
1419	22	0
1420	16	0
1421	15	0
1422	24	0
1423	7	0
1424	13	0
1425	11	0
1426	6	0
1427	11	0
1428	46	0
1429	6	0
1430	5	1
1431	26	1
1432	2	0
1434	6	0
1435	11	0
1436	20	0
1437	20	0
1438	27	1
1439	19	1
1440	17	0
1440.1	12	0
1441	6	0
1442	5	0
1443	15	0
1444	17	0
1445	13	0
1446	28	0
1447	16	2
1448	10	4
1449	12	1
1450	9	0
1451	21	0
1452	12	0
1453	13	0
1454	30	0
1455	9	0
1456	7	0
1457	7	0
1458	15	0
1459	4	0
1460	8	0
1461	14	0
1462	5	0
1463	29	1
1464	20	0
1465	11	0
1466	11	0
1467	8	0
1468	29	0
1469	35	0
1470	19	0
1471	18	2
1471	18	2
1472	22	0
1474	38	0
1475	25	2
1475	25	1
1476	16	0
1477	17	1
1478	1	0
1479	19	0
1479.1	5	0
1480	14	0
1481	16	0
1482	15	0
1483	12	0
1484	7	1
1485	5	0
1486	18	0
1487	37	1
1487	37	1
1487	37	1
1488	1	0
1489	2	0
1490	4	0
1491	3	3
1492	9	0
1493	15	0
1494	19	0
1495	13	0
1496	26	0
1497.1	33	0
1497.2	4	0
1498	16	0
1499	17	0
1500	13	0
1501	17	1
1502	13	0
1503	15	0
1504	8	0
1505	14	0
1506	26	0
1507	10	0
1508	59	0
1509	14	0
1510	12	0
1511	15	0
1512	8	0
1513	1	0
1514	28	0
1514.1	10	0
1515	20	1
1516	5	0
1517	3	0
1518	15	0
1519	25	0
1520	4	0
1521	8	0
1522	56	0
1523	6	0
1524	15	0
1525	9	0
1526	14	0
1527	6	0
1528	13	0
1529	14	0
1530	13	0
1531	9	0
1532	25	0
1533	8	0
1533.1	3	0
1533.2	15	1
1533.2	15	1
1534	6	1
1535	4	1
1536	38	0
1537	4	0
1538	15	0
1539	16	0
1540	31	0
1541	8	0
1542	6	0
1543	8	0
1545	16	0
1546	16	0
1547	3	0
1548	7	0
1549	36	0
1550	32	0
1551	32	1
1552	31	0
1553	26	0
1554	20	0
1555	29	0
1555.1	18	0
1556	43	1
1556	43	1
1556.1	6	0
1557	20	0
1558	13	0
1560	9	1
1560	9	1
1560.1	5	0
1561	20	1
1562	13	0
1563	7	0
1564	18	0
1565	18	0
1566	13	2
1567	15	0
1568	12	0
1569	3	0
1570	24	1
1571	5	0
1572	37	0
1573	52	2
1574	17	0
1575	13	0
1576	22	0
1577	19	0
1578	98	2
1578	98	2
1578	98	1
1578	98	1
1578.1	6	0
1579	7	0
1580	37	0
1581	25	0
1582	8	0
1583	5	0
1584	11	0
1585	17	0
1585.1	4	0
1586	4	0
1587	79	0
1589	18	0
1590	14	0
1591	9	0
1592	14	0
1593	9	0
1594	8	1
1595	12	0
1596	11	0
1596.1	3	0
1597	5	1
1598	47	0
1599	46	1
1599	46	2
1600	28	1
1600	28	1
1601	32	0
1602	5	0
1603	40	0
1604	14	2
1605	10	0
1606	4	0
1607	14	0
1608	20	1
1609	9	0
1610	26	0
1611	3	0
1612	9	0
1613	37	1
1614	35	0
1615	49	0
1616	46	1
1617	11	0
1618	9	1
1619	16	0
1620	7	0
1621	2	0
1622	3	0
1622.1	9	0
1623	12	0
1624	10	1
1625	3	1
1626	8	0
1627	2	0
1628	26	1
1629	10	0
1630	10	0
1631	24	0
1632	15	1
1633	12	1
1634	9	0
1635	18	0
1636	26	0
1637	15	0
1638	10	0
1639	9	0
1640	13	0
1641	7	0
1641.1	8	0
1642	10	0
1643	7	0
1644	25	0
1645	6	0
1646	12	0
1647	19	0
1648	19	0
1649	27	1
1650	1	0
1650.1	6	0
1651	9	0
1652	11	0
1653	13	0
1654	17	0
1655	23	0
1656	19	0
1657	20	0
1658	22	0
1659	24	1
1660	5	0
1661	31	1
1661	31	1
1662	5	0
1663	19	0
1664	7	0
1665	42	1
1666	17	0
1667	12	0
1668	11	0
1669	41	0
1670	33	2
1670	33	1
1671	32	0
1672	9	0
1673	13	0
1675	39	0
1676	5	0
1677	18	0
1678	66	0
1679	10	0
1680	1	0
1681	8	0
1682	11	0
1683	23	0
1684	18	0
1685	11	0
1686	14	0
1687	13	0
1688	37	0
1689	54	0
1690	15	0
1691	5	0
1692	4	0
1693	10	0
1694	5	0
1695	6	0
1696	18	0
1697	8	0
1698	11	0
1701	81	0
1702	67	0
1703	18	0
1704	47	0
1705	13	0
1706	21	0
1707	24	2
1707.1	4	0
1708	10	0
1709	15	0
1710	21	0
1711	15	0
1712	9	0
1713	7	0
1714	11	0
1715	7	0
1716	12	0
1717	1	0
1718	10	0
1719	10	0
1720	15	0
1721	15	0
1722	14	0
1723	43	0
1724	4	0
1725	7	0
1726	13	0
1727	11	0
1727.1	8	0
1728	20	0
1729	8	0
1730	10	1
1731	12	0
1732	1	0
1733	9	0
1734	7	0
1735	21	0
1736	17	0
1737	13	0
1738	37	0
1739	11	0
1740	14	1
1741	24	0
1742	4	0
1743	16	0
1744	21	0
1745	26	0
1746	20	0
1746.1	5	0
1747	4	0
1748	22	0
1749	16	0
1750	11	0
1751	15	1
1751	15	1
1751.1	10	0
1752	13	0
1753	12	0
1753.1	8	0
1754	9	0
1755	12	0
1756	4	0
1757	8	0
1758	7	0
1759	3	1
1760	2	0
1761	9	0
1762	2	0
1763	23	0
1764	17	0
1765	13	0
1766	9	0
1767	16	1
1768	6	0
1769	20	0
1770	22	0
1771	30	0
1771.1	3	0
1772	25	0
1773	8	0
1774	5	0
1775	7	0
1776	10	0
1777	4	0
1778	42	0
1779	15	0
1780	6	0
1781	42	1
1782	4	0
1783	7	0
1784	13	0
1785	33	0
1786	8	0
1787	14	0
1788	13	0
1789	33	1
1789	33	3
1791	12	0
1792	16	0
1793	40	1
1794	15	0
1795	5	0
1796	66	0
1797	40	1
1798	3	0
1799	35	1
1800	20	0
1801	21	0
1802	62	0
1803	23	0
1804	4	0
1805	11	0
1807	26	0
1808	3	0
1809	28	1
1810	6	1
1811	10	0
1812	8	0
1813	1	0
1814	11	0
1814.2	7	0
1815	12	0
1816	3	0
1817	7	0
1818	21	0
1820	22	1
1820	22	1
1820.1	17	1
1821	26	1
1821.1	2	0
1822	1	0
1823	15	0
1824	30	0
1825	14	0
1826	12	0
1827	27	0
1828	5	0
1829	14	0
1830	13	0
1831	27	1
1831	27	1
1832	20	0
1833	60	0
1834	25	0
1835	1	0
1836	21	0
1837	5	0
1838	22	0
1838.1	5	1
1839	20	0
1839.1	6	0
1840	6	0
1841	4	2
1842	4	1
1843	21	0
1844	22	0
1845	36	0
1846	15	0
1847	30	0
1848	2	0
1849	41	2
1849	41	1
1849.1	10	2
1850	25	2
1851	22	0
1853	33	0
1854	10	0
1854.1	6	0
1855	5	0
1856	21	0
1856.1	26	2
1857	38	0
1858	13	0
1859	16	0
1860	22	1
1861	9	1
1861	9	1
1862	24	1
1862	24	1
1862	24	1
1862	24	1
1862	24	1
1862	24	1
1863	8	0
1864	15	1
1865	26	0
1866	15	0
1867	33	2
1868	20	0
1869	39	1
1869	39	1
1870	17	0
1871	15	0
1872	5	0
1873	10	1
1873	10	1
1874	9	0
1875	8	0
1876	14	0
1877	9	0
1879	11	0
1880	57	0
1881	14	0
1882	12	0
1883	42	0
1884	42	0
1885	26	0
1886	10	0
1887	2	0
1888	16	0
1889	13	0
1890	16	0
1891	23	0
1892	17	2
1892	17	1
1892	17	2
1893	14	0
1894	3	0
1895	5	0
1896	2	0
1897	6	0
1898	18	0
1899	2	0
1900	5	0
1901	8	1
1902	19	0
1903	14	0
1904	5	0
1905	6	0
1906	19	0
1907	16	0
1908	16	0
1910	7	0
1911	15	0
1912	10	0
1913	9	0
1914	13	2
1915	35	1
1916	23	0
1917	32	1
1918	25	0
1919	12	0
1920	9	0
1921	14	4
1922	13	2
1923	12	0
1924	5	0
1924.1	2	0
1925	10	0
1926	33	1
1926	33	1
1926	33	1
1926	33	1
1927	26	0
1928	19	0
1929	16	0
1930	8	1
1931	15	0
1931.1	6	0
1932	7	0
1933	14	1
1934	30	0
1935	25	1
1935	25	1
1935	25	1
1935	25	1
1935	25	1
1935	25	1
1935	25	3
1935	25	1
1935	25	1
1935	25	1
1935	25	1
1935	25	1
1936	33	1
1937	4	0
1940	8	0
1941	8	0
1942	7	0
1944	14	1
1945	8	0
1946	18	0
1947	24	1
1948	7	0
1949	3	0
1950	16	0
1951	24	0
1952	19	0
1953	32	1
1954	6	0
1955	10	1
1956	18	1
1957	9	1
1957.1	5	0
1958	10	1
1958	10	1
1959	39	1
1960	12	1
1960	12	2
1961	14	0
1962	9	0
1963	15	0
1964	11	0
1965	7	0
1966	30	1
1967	7	0
1968	114	1
1968	114	1
1968	114	1
1969	76	0
1970	7	0
1971	12	0
1972	22	2
1972	22	1
1973	20	0
1974	30	2
1974	30	1
1975	14	0
1976	38	0
1977	8	0
1978	2	0
1979	17	0
1980	18	1
1980	18	1
1980.1	9	0
1980.2	5	0
1981	5	0
1982	8	0
1983	10	0
1984	12	0
1985	10	0
1986	17	0
1987	48	0
1988	17	0
1989	5	0
1990	9	0
1991	4	0
1992	2	0
1993	10	0
1994	8	0
1995	24	0
1997	7	0
1998	5	0
1998.1	17	0
1999	18	0
2000	6	0
2001	9	0
2002	2	0
2003	12	1
2004	9	1
2005	8	1
2006	13	0
2007	1	0
2008	7	0
2009	4	0
2010	9	0
2011	3	0
2012	14	0
2013	4	0
2014	18	0
2015	1	0
2015.1	15	0
2015.2	13	0
2016	7	0
2017	15	0
2018	15	0
2019	13	1
2020	13	0
2021	13	0
2022	10	0
2023	20	0
2024	5	0
2024.1	4	0
2025	8	0
2026	13	0
2027	2	0
2028	3	0
2029	13	1
2029	13	1
2030	14	0
2031	38	2
2032	22	1
2033	24	0
2034	5	0
2035	5	0
2036	34	1
2036	34	2
2036	34	1
2037	13	1
2038	2	0
2039	14	1
2040	8	1
2041	9	0
2042	6	0
2042.1	11	0
2043	11	0
2044	6	0
2045	3	0
2045.1	4	0
2046	6	0
2047	6	0
2048	34	0
2049	5	0
2050	7	0
2051	8	1
2052	13	0
2053	29	0
2054	19	0
2055	26	0
2056	35	1
2057	14	0
2058	9	0
2059	13	0
2060	26	0
2061	13	0
2062	82	0
2063	8	0
2064	29	0
2064.1	4	0
2065	7	0
2066	6	0
2067	11	0
2068	4	0
2069	3	0
2070	4	0
2071	11	0
2072	12	1
2073	12	0
2074	15	0
2075	6	0
2076	4	0
2077	6	1
2078	13	0
2079	3	0
2080	34	0
2080.1	7	0
2081	21	0
2082	78	0
2083	1	0
2084	11	1
2085	11	0
2086	15	1
2087	13	0
2088	11	0
2089	34	3
2090	8	0
2091	18	0
2092	2	0
2093	11	0
2094	9	0
2095	12	2
2096	14	0
2097	17	0
2098	17	0
2099	16	0
2100	18	0
2101	25	0
2102	15	0
2103	11	0
2104	10	0
2105	27	0
2106	10	0
2107	32	0
2108	149	2
2109	3	0
2110	5	0
2111	33	0
2112	21	0
2113	5	0
2114	16	1
2115	1	0
2116	3	0
2117	3	0
2117.1	4	0
2118	5	0
2119	20	0
2120	7	0
2121	50	0
2122	3	0
2123	4	0
2124	9	0
2125	8	0
2126	22	0
2127	34	0
2128	14	0
2129	18	0
2130	16	0
2131	17	0
2132	13	0
2133	10	0
2134	6	0
2135	26	1
2136	6	1
2136	6	1
2137	19	1
2138	7	0
2138.1	1	0
2138.2	7	0
2139	3	0
2140	33	1
2140	33	2
2141	10	2
2142	2	0
2143	7	0
2144	43	1
2145	6	0
2146	25	1
2147	3	0
2148	22	0
2149	31	0
2150	21	0
2151	16	0
2152	19	0
2153	40	0
2154	11	0
2155	5	0
2156	15	1
2157	15	0
2158	21	1
2159	17	0
2160	19	0
2161	27	0
2162	14	0
2163	5	0
2164	1	0
2165	3	0
2165.1	1	0
2166	9	0
2167	21	0
2168	5	0
2169	18	0
2170	18	0
2171	1	0
2172	30	1
2173	11	2
2174	15	2
2175	29	1
2175	29	1
2175	29	1
2175	29	2
2176	6	0
2177	2	0
2178	14	2
2178	14	1
2179	20	1
2180	9	1
2181	9	0
2182	3	2
2182.1	7	0
2183	27	1
2184	10	0
2185	2	0
2185.1	5	0
2186	25	2
2187	15	1
2188	20	0
2189	9	0
2190	3	0
2191	9	0
2192	8	0
2193	5	0
2194	14	0
2195	6	0
2196	20	0
2197	13	0
2198	11	1
2199	21	1
2200	13	0
2201	2	0
2202	14	1
2203	4	0
2204	11	0
2205	3	0
2206	19	0
2207	9	0
2208	7	0
2209	8	0
2210	7	0
2211	14	0
2212	14	0
2213	18	0
2214	20	0
2215	12	0
2216	10	0
2217	12	0
2218	6	0
2218.1	3	0
2219	8	0
2220	14	0
2221	29	0
2222	10	0
2223	19	0
2224	8	0
2225	5	0
2226	14	0
2227	10	1
2228	18	0
2229	18	0
2230	26	0
2231	8	0
2232	23	1
2233	6	0
2234	16	0
2234.1	7	0
2235	14	0
2236	20	0
2237	21	0
2238	6	0
2239	18	0
2240	13	0
2241	9	0
2242	34	1
2242	34	1
2243	19	0
2244	11	0
2245	22	1
2246	3	0
2247	25	1
2247	25	1
2248	7	0
2249	17	0
2250	12	0
2251	22	0
2252	30	0
2253	12	0
2254	14	1
2255	8	0
2256	20	0
2257	29	0
2258	19	0
2259	14	0
2260	4	0
2261	14	0
2262	9	1
2262	9	2
2263	8	0
2264	9	0
2265	25	1
2265	25	2
2266	22	0
2267	18	0
2268	11	0
2269	15	0
2270	31	0
2272	15	0
2273	12	0
2274	14	0
2275	14	0
2276	8	0
2277	5	0
2278	29	0
2279	39	0
2280	19	1
2280	19	3
2281	29	1
2282	29	0
2284	15	0
2285	25	0
2285.2	8	0
2286	11	0
2287	19	1
2289	21	1
2290	12	0
2291	5	0
2292	11	0
2293	7	0
2294	16	0
2295	12	0
2296	18	0
2297	3	0
2298	5	0
2299	4	1
2300	11	1
2301	57	0
2302	17	0
2303	5	0
2304	6	0
2305	16	0
2306	17	0
2307	13	0
2308	12	0
2309	21	0
2310	14	0
2311	10	0
2312	17	0
2314	12	2
2315	6	0
2316	4	0
2317	5	0
2318	9	0
2319	15	1
2320	14	0
2321	6	0
2322	20	0
2323	13	0
2324	31	0
2325	3	0
2326	1	0
2327	16	0
2328	16	0
2329	37	0
2330	28	0
2330.1	5	2
2331	12	0
2332	6	0
2333	4	0
2334	5	0
2334.1	5	0
2335	19	0
2336	17	0
2337	13	0
2338	18	1
2339	26	0
2340	13	0
2341	4	0
2342	28	0
2343	22	0
2344	10	0
2345	20	0
2345.1	4	0
2346	22	0
2347	17	1
2347	17	1
2348	16	0
2349	2	0
2350	14	0
2351	20	0
2352	11	0
2353	16	1
2354	8	0
2355	17	0
2356	29	0
2357	17	1
2358	9	0
2359	4	0
2360	19	0
2361	1	0
2361.1	2	0
2362	10	0
2363	9	0
2364	20	1
2364.1	3	0
2365	3	2
2365.1	20	0
2365.2	5	0
2366	17	0
2367	2	0
2367.1	6	0
2368	9	0
2369	4	0
2370	6	0
2370.1	4	0
2370.2	2	0
2370.3	13	0
2371	2	0
2372	3	0
2373	7	1
2373	7	1
2374	3	0
2375	2	0
2376	10	0
2377	16	0
2378	33	0
2379	13	0
2380	14	0
2381	30	0
2382	19	0
2383	28	0
2384.1	19	0
2385	22	0
2386	2	0
2387	9	0
2388	23	0
2389	5	0
2390	17	0
2391	28	0
2392	7	0
2393	10	0
2394	28	1
2395	22	0
2396	3	0
2397	14	0
2398	6	0
2399	29	0
2400	10	0
2401	38	0
2401.1	7	0
2401.2	5	0
2402	82	2
2402	82	1
2404	15	0
2405	2	0
2406	4	0
2407	5	1
2408	26	0
2409	27	0
2410	29	1
2410	29	4
2411	4	2
2412	3	1
2413	2	0
2414	28	1
2414	28	1
2414	28	1
2414	28	1
2415	23	0
2416	25	1
2416	25	2
2417	5	0
2418	1	0
2419	16	0
2420	5	0
2421	6	0
2422	17	0
2423	38	1
2423.1	5	1
2424	3	1
2425	30	0
2426	31	0
2427	4	0
2428	5	0
2429	6	0
2430	17	0
2431	11	0
2432	17	0
2433	15	0
2434	3	0
2435	19	0
2436	8	0
2437	17	1
2439	20	0
2440	4	0
2441	6	0
2442	10	0
2443	23	2
2444	9	0
2445	2	0
2445.1	2	0
2446	9	0
2447	64	0
2448	82	0
2449	43	0
2450	17	0
2451	50	0
2452	21	0
2453	20	0
2454	18	0
2455	4	0
2456	25	1
2457	21	1
2458	9	0
2459	6	5
2461	19	0
2462	13	0
2463	7	0
2464	30	0
2465	37	1
2466	2	0
2467	1	0
2467.1	15	0
2468	15	0
2469	18	0
2470	10	0
2471	19	0
2472	5	0
2473	1	0
2474	28	0
2475	7	0
2476	30	0
2477	8	0
2478	7	1
2479	11	0
2480	4	0
2481	20	1
2482	20	0
2483	11	1
2484	24	2
2484	24	1
2484	24	1
2485	1	0
2486	14	0
2487	12	0
2488	11	0
2488.1	6	0
2489	27	0
2490	12	0
2491	21	0
2492	7	0
2493	4	0
2494	14	0
2495	4	0
2496	18	1
2497	7	0
2498	18	0
2499	10	0
2500	16	0
2501	4	0
2502	1	0
2503	9	0
2504	13	0
2505	13	1
2506	6	0
2507	6	0
2508	25	0
2509	56	0
2510	3	0
2511	12	0
2512	9	0
2513	41	0
2514	5	0
2515	12	0
2516	12	0
2517	4	0
2518	4	0
2518.1	4	0
2519	21	0
2520	19	0
2520.1	6	0
2521	4	0
2522	7	0
2523	13	0
2524	27	0
2525	27	0
2526	8	0
2527	8	0
2527.1	8	0
2528	5	0
2529	14	0
2530	37	1
2531	20	0
2532	18	0
2533	16	0
2534	21	0
2535	10	0
2536	10	0
2537	19	2
2538	20	2
2539	11	0
2540	7	0
2541	14	0
2542	38	1
2542	38	1
2543	5	0
2544	3	0
2545	9	0
2546	9	0
2547	16	0
2547.1	8	0
2547.2	5	0
2548	16	2
2549	13	0
2550	8	0
2551	64	0
2552	27	0
2553	6	0
2554	3	0
2554.1	7	0
2554.2	3	0
2555	41	0
2556	27	0
2557	22	0
2558	1	0
2559	20	1
2560	10	2
2561	25	1
2563	43	1
2563.1	6	0
2564	52	0
2566	15	0
2567	31	0
2569	5	0
2570	14	0
2571	24	0
2572	22	1
2573	9	0
2574	6	0
2575	28	0
2576	27	0
2577	29	0
2578	7	1
2579	12	0
2580	36	0
2581	10	0
2582	19	0
2583	17	0
2584	11	0
2585	16	0
2586	8	0
2586.1	6	0
2587	16	0
2588	6	0
2589	8	0
2589.1	5	0
2590	7	0
2591	21	0
2593	13	0
2593.1	8	2
2593.2	5	0
2594	21	0
2595	36	1
2596	1	0
2597	9	0
2598	19	0
2599	5	0
2600	71	0
2600.1	9	0
2601	12	0
2601.1	9	0
2601.2	1	0
2602	9	0
2603	10	0
2604	16	0
2605	3	0
2606	4	0
2607	50	1
2608	10	0
2609	11	0
2610	19	0
2611	9	0
2612	7	0
2613	10	0
2614	5	0
2615	10	0
2615.1	10	0
2616	9	1
2616	9	1
2617	3	0
2618	14	0
2619	13	0
2620	15	0
2621	10	0
2622	9	0
2623	3	0
2624	5	0
2625	5	0
2626	8	0
2627	6	0
2627.1	4	1
2628	2	0
2629	5	0
2630	18	0
2631	4	0
2632	42	0
2633	5	0
2634	12	1
2635	7	0
2636	15	0
2637	24	0
2637.1	7	0
2638	10	0
2639	9	0
2640	14	0
2641	26	0
2642	52	0
2643	39	0
2644	17	0
2645	23	0
2646	4	0
2647	9	0
2648	23	0
2649	4	0
2650	8	0
2651	18	0
2652	11	1
2653	2	0
2654	40	1
2655	17	0
2656	15	1
2656	15	1
2656	15	1
2657	18	0
2658	7	0
2659	18	0
2660	36	1
2661	12	0
2662	27	0
2663	18	0
2664	23	0
2665	2	0
2666	22	0
2667	62	1
2667	62	1
2668	1	0
2668.1	12	1
2669	8	0
2670	6	0
2671	6	0
2672	8	0
2673	7	0
2673.1	4	0
2674	12	1
2674.1	12	0
2675	25	1
2676	2	0
2677	7	0
2678	7	0
2679	4	0
2680	9	0
2681	12	0
2682	13	0
2683	33	0
2684	13	0
2685	16	0
2686	14	0
2687	3	0
2688	9	1
2689	28	0
2689.1	6	0
2690	17	0
2691.1	5	0
2692	8	1
2693	11	0
2694	4	0
2695	6	1
2696	4	0
2697	8	0
2698	8	0
2699	11	0
2700	19	0
2701	6	0
2702	21	0
2703	8	0
2704	24	0
2705	10	0
2707	22	0
2708	3	0
2709	13	1
2710	7	0
2712	33	0
2713	7	0
2714	18	0
2715	10	0
2716	5	0
2717	7	0
2718	4	0
2719	7	1
2720	30	0
2721	12	0
2722	1	0
2723	4	0
2724	19	0
2725	6	0
2726	3	0
2727	9	0
2728	7	0
2729	6	0
2730	4	0
2732	22	0
2733	5	0
2734	5	0
2734.1	12	0
2735	22	0
2736	4	0
2736.1	2	0
2737	10	0
2739	6	0
2740	11	0
2741	6	0
2742	9	0
2743	7	0
2744	18	0
2745	12	0
2746	18	0
2747	30	0
2748	8	1
2749	14	1
2749	14	2
2750	13	0
2751	15	0
2752	18	0
2753	6	1
2754	9	0
2755	19	0
2756	24	0
2757	11	0
2758	20	1
2759	14	0
2760	14	0
2761	12	0
2762	12	0
2763	22	0
2764	32	0
2765	13	0
2766	3	0
2767	12	0
2768	13	0
2769	10	0
2770	10	0
2771	5	0
2772	12	0
2773	4	0
2774	8	0
2775	11	0
2776	13	0
2777	21	0
2777.1	11	0
2778	10	1
2778	10	1
2778	10	1
2779	1	0
2780	28	1
2781	7	0
2782	11	0
2783	13	0
2784	7	0
2785	15	0
2786	23	1
2787	16	0
2788	19	0
2789	10	0
2790	10	0
2791	8	0
2792	5	0
2793	8	0
2794	29	0
2794.1	7	0
2795	27	0
2796	25	0
2797	25	0
2798	11	0
2799	15	0
2800	11	0
2801	11	0
2801.1	12	1
2802	8	0
2802.1	6	0
2803	16	0
2803.1	2	0
2803.2	22	0
2804	31	0
2805	6	0
2806	29	0
2807	4	0
2808	3	0
2808.1	7	0
2810	10	1
2812	24	0
2813	15	0
2814	12	0
2815	9	0
2816	2	0
2817	14	0
2818	7	0
2819	33	0
2820	12	0
2821	23	1
2822	19	0
2823	10	0
2824	9	0
2825	7	0
2826	37	0
2827	8	0
2828	5	0
2829	9	1
2830	2	0
2831	25	0
2832	5	0
2833	9	0
2834	22	0
2835	14	0
2836	6	0
2837	4	0
2838	25	0
2839	16	0
2840	16	1
2841	9	0
2842	11	0
2843	12	0
2844	3	0
2845	13	0
2846	19	0
2847	23	0
2848	9	0
2849	8	0
2850	25	0
2851	19	0
2852	13	0
2853	19	0
2854	6	0
2855	4	0
2856	14	0
2857	27	0
2858	7	0
2859	16	0
2860	23	1
2860	23	1
2860	23	1
2860	23	1
2860	23	1
2860	23	1
2861	17	0
2862	6	0
2862.1	9	0
2863	9	0
2864	16	1
2865	5	0
2866	24	0
2867	3	2
2867.1	13	2
2867.1	13	1
2867.1	13	1
2868	20	0
2869	5	0
2870	9	0
2871	7	1
2871	7	1
2872	7	0
2873	7	0
2874	11	0
2875	9	0
2876	8	0
2877	5	0
2878	2	0
2879	19	0
2880	11	0
2880.1	4	0
2880.2	6	0
2880.3	9	0
2881	23	0
2882	4	0
2882.1	1	0
2882.2	2	0
2883	14	1
2883	14	1
2884	21	0
2885	32	0
2886	23	0
2887	19	1
2888	13	0
2889	13	0
2890	49	0
2891	18	1
2892	7	0
2893	11	0
2894	19	3
2895	1	0
2895.1	5	0
2896	7	0
2897	6	0
2898	10	0
2899	18	0
2900	9	0
2901	16	0
2902	23	0
2903	13	1
2904	8	0
2905	30	0
2906	7	0
2907	14	0
2908	7	0
2909	7	0
2910	4	0
2911	30	0
2912	32	0
2913	18	0
2914	25	0
2915	6	0
2916	16	0
2917	8	0
2918	21	1
2919	40	0
2921	18	0
2922	30	0
2923	15	0
2924	9	0
2925	12	0
2926	14	0
2927	16	0
2928	31	2
2929	15	0
2930	5	0
2931	1	0
2932	4	1
2932	4	1
2933	25	1
2933	25	1
2934	15	1
2935	12	0
2936	14	0
2937	21	0
2938	16	0
2939	10	0
2940	13	3
2941	1	0
2942	45	1
2943	12	0
2944	3	1
2945	20	0
2946	7	0
2947	18	0
2948	15	0
2949	16	0
2951	10	0
2952	15	0
2953	17	0
2954	21	0
2955	8	0
2956	32	0
2957	9	0
2958	8	0
2958.1	11	0
2959	21	1
2960	3	0
2961	10	0
2962	12	0
2963	15	0
2964	20	0
2965	11	0
2966	4	0
2967	13	0
2968	33	0
2969	9	0
2970	11	2
2970	11	1
2971	12	0
2972	4	0
2973	16	1
2973	16	1
2974	10	0
2975	7	0
2976	6	0
2977	7	0
2978	10	0
2979	10	0
2980	10	0
2981	29	1
2982	30	1
2983	12	0
2984	10	0
2985	24	0
2986	26	1
2987	6	0
2988	20	0
2988.1	2	0
2989	13	0
2990	41	1
2990	41	1
2991	1	0
2992	5	0
2993	2	0
2994	14	0
2995	11	0
2996	4	0
2997	12	0
2998	26	0
2998.1	7	0
2999	39	2
2999	39	1
3000	81	2
3002	71	0
3003	84	0
3004	67	0
3005	68	1
3006	19	1
3007	23	1
3007	23	1
3008	26	0
3009	29	1
3010	81	0
3011	46	0
3012	43	0
3013	2	0
3014	1	0
3015	11	0
3016	10	0
3017	10	0
3018	50	0
3021	48	0
3021.1	22	0
3022	25	0
3023	45	0
3024	4	0
3025	24	0
3026	16	0
3027	25	0
3028	12	0
3029	20	0
3030	18	0
3031	16	0
3032	3	0
3033	2	0
3034	24	0
3035	31	0
3036	7	0
3037	6	0
3038	21	0
3039	24	0
3041	17	0
3041.1	6	0
3042	8	0
3043	4	0
3044	7	0
3045	63	0
3046	11	0
3047	11	0
3048	15	0
3049	15	0
3050	12	0
3051	30	0
3052	20	0
3052.1	3	0
3052.2	1	0
3053	8	0
3055	9	0
3056	12	0
3057	7	0
3058	8	0
3058.1	3	0
3058.2	4	0
3059	14	0
3060	13	0
3061	6	0
3062	32	0
3063	15	0
3064	8	0
3065	10	0
3066	13	0
3067	11	0
3068	18	0
3069	6	0
3070	19	0
3071	9	0
3072	20	0
3073	10	0
3074	11	0
3075	16	0
3076	6	0
3077	4	0
3078	11	0
3080	8	0
3080.1	4	0
3081	14	0
3082	4	0
3083	15	0
3084	9	0
3085	21	0
3086	16	0
3087	10	0
3088	18	0
3089	19	0
3090	11	0
3091	23	0
3093	9	0
3094	13	0
3095	9	0
3096	11	0
3097	10	0
3098	1	0
3099	4	0
3100	23	0
3101	27	0
3102	2	0
3103	2	0
3104	9	0
3105	8	0
3106	26	0
3106.1	9	0
3107	16	0
3108	13	0
3109	17	0
3110	10	0
3111	21	0
3112	11	0
3113	8	0
3114	11	0
3115	20	0
3116	10	0
3117	7	0
3118	3	0
3119	13	0
3120	18	0
3121	16	0
3122	15	0
3123	13	0
3124	10	0
3125	13	0
3126	9	0
3127	11	0
3128	26	0
3129	14	0
3130	20	0
3131	2	0
3132	5	0
3133	23	0
3134	33	0
3135	4	0
3136	8	0
3137	58	0
3138	14	0
3139	8	0
3139.1	14	0
3140	7	0
3141	12	0
3142	20	0
3143	18	0
3144	10	0
3145	24	0
3145.1	1	0
3146	27	0
3147	23	0
3148	20	0
3149	30	0
3149.1	2	0
3150	9	0
3150.1	9	0
3151	10	0
3152	8	0
3153	32	0
3153.1	6	0
3154	8	0
3155	17	0
3156	3	0
3157	9	0
3158	4	0
3159	15	0
3160	16	0
3161	5	0
3162	37	0
3163	6	0
3164	17	0
3165	32	0
3166	20	0
3167	20	0
3168	26	0
3169	14	0
3170	4	0
3171	11	0
3172	14	0
3173	13	0
3174	22	0
3174.1	1	0
3174.2	4	0
3175	9	0
3176	15	0
3176.1	9	0
3177	16	0
3178	12	0
3179	8	0
3180	15	0
3181	28	0
3182	14	0
3183	6	0
3184	4	0
3185	18	0
3186	8	0
3186.1	8	0
3187	11	0
3188	16	0
3189	18	0
3190	22	0
3191	9	0
3192	42	0
3193	9	0
3194	13	0
3194.1	7	0
3195	8	0
3196	9	0
3197	16	0
3198	28	0
3199	15	0
3200	2	0
3201	12	0
3202	9	0
3203	26	0
3204	3	0
3205	7	0
3206	4	0
3208	30	0
3209	21	0
3210	3	0
3211	2	0
3212	19	0
3214	30	0
3215	4	0
3216	27	0
3217	15	0
3218	31	0
3219	12	0
3220	9	0
3220.1	6	0
3220.2	4	0
3221	21	0
3222	11	0
3223	3	0
3224	8	0
3225	21	0
3226	22	0
3227	19	0
3228	16	0
3229	17	0
3230	4	0
3231	17	0
3233	12	0
3234	9	0
3235	14	0
3236	22	0
3237	9	0
3238	25	0
3239	27	0
3240	27	0
3241	23	0
3242	10	0
3243	6	0
3244	35	0
3245	33	0
3246	32	0
3247	26	0
3248	38	0
3249	8	0
3250	23	0
3251	6	0
3252	15	0
3253	12	0
3254	5	0
3255	16	0
3256	14	0
3257	19	0
3258	21	0
3259	18	0
3260	15	0
3261	17	0
3262	7	0
3263	13	0
3264	21	0
3265	15	0
3266	13	0
3267	9	0
3268	1	0
3269	4	0
3270	17	0
3270.1	8	0
3271	6	0
3272	6	0
3274	1	0
3275	3	0
3275.1	3	0
3276	7	0
3277	8	0
3278	23	0
3279	8	0
3280	6	0
3281	19	0
3282	4	0
3283	4	0
3284	1	0
3285	82	0
3286	13	0
3287	17	0
3288	9	0
3289	1	0
3290	19	0
3290.1	4	0
3290.2	2	0
3291	35	0
3292	6	0
3293	12	0
3294	16	0
3295	48	0
3296	29	0
3297	4	0
3298	15	0
3299	4	0
3300	14	0
3301	24	0
3302	18	0
3303	10	0
3304	5	0
3305	9	0
3306	10	0
3307	24	0
3308	21	0
3309	11	0
3310	13	0
3311	16	0
3312	6	0
3313	5	0
3314	18	0
3315	4	0
3316	21	0
3317	3	0
3318	2	0
3319	7	0
3320	17	0
3321	16	0
3322	4	0
3323	28	0
3323.1	6	0
3324	8	0
3325	9	0
3326	24	0
3327	15	0
3328	6	0
3329	24	0
3330	12	0
3331	18	0
3332	6	0
3333	14	0
3334	8	0
3335	21	0
3337	56	0
3338	46	0
3339	13	0
3340	4	0
3341	4	0
3342	21	0
3343	20	0
3344	11	0
3345	10	0
3346	23	0
3347	13	0
3348	3	0
3349	4	0
3350	30	0
3351	25	0
3352	21	0
3353	21	0
3354	9	0
3355	24	0
3356	5	0
3357	5	0
3358	7	0
3359	14	0
3361	13	0
3362	2	0
3363	29	0
3364	17	0
3365	17	0
3366	17	0
3367	23	0
3368	13	0
3369	14	0
3370	17	0
3371	6	0
3372	19	0
3373	31	0
3374	19	0
3375	6	0
3376	10	0
3377	13	0
3377.1	5	0
3378	3	0
3379	6	0
3379.1	32	0
3380	3	0
3381	11	0
3382	19	0
3383	5	0
3384	26	0
3385	11	0
3386	3	0
3387	10	0
3388	7	0
3389	25	0
3390	11	0
3391	20	0
3392	16	0
3393	20	0
3394	12	0
3395	55	0
3396	10	0
3397	12	0
3398	48	0
3399	12	0
3400	10	0
3401	28	0
3402	19	0
3403	13	0
3404	20	0
3405	15	0
3406	11	0
3407	20	0
3408	8	0
3409	17	0
3410	18	0
3411	17	0
3412	3	0
3413	6	0
3414	12	0
3415	12	0
3416	5	0
3417	6	0
3418	4	0
3419	31	0
3420	8	0
3421	5	0
3422	3	0
3423	7	0
3424	15	0
3425	10	0
3426	2	0
3427	24	0
3428	31	0
3429	10	0
3430	20	0
3431	11	0
3432	22	0
3433	19	0
3434	25	0
3435	5	0
3436	3	0
3437	10	0
3437.1	10	0
3438	9	0
3439	11	0
3440	15	0
3441	5	0
3442	26	0
3443	17	0
3444	15	0
3445	9	0
3447	45	0
3448	5	0
3449	45	0
3449.1	2	0
3449.2	2	0
3450	3	0
3453	121	0
3454	12	0
3455	3	0
3456	3	0
3456.1	16	0
3458	133	0
3459	15	0
3460	2	0
3461	7	0
3462	6	0
3463	4	0
3464	9	0
3465	5	0
3466	4	0
3467	18	0
3468	2	0
3469	5	0
3470	7	0
3471	8	0
3472	4	0
3474	33	0
3475	6	0
3476	25	0
3477	9	0
3478	7	0
3480	37	0
3481	24	0
3482	9	0
3483	2	0
3484	5	0
3485	22	0
3486	9	0
3487	58	0
3488	40	0
3489	38	0
3490	12	0
3491	20	0
3491.1	2	0
3492	3	0
3493	3	0
3494	11	0
3494.1	7	0
3495	23	0
3496	9	0
3497	12	0
3498	35	0
3499	13	0
3500	10	0
3501	14	0
3502	6	0
3503	10	0
3504	16	0
3505	19	0
3506	11	0
3507	18	0
3508	14	0
3509	36	0
3510	27	0
3510.1	4	0
3511	26	0
3512	10	0
3513	9	0
3514	17	0
3515	3	0
3516	7	0
3517	22	0
3518	14	0
3519	15	0
3520	3	0
3521	9	0
3522	5	0
3523	12	0
3524	10	0
3525	4	0
3526	16	0
3527	4	0
3528	12	0
3529	11	0
3530	12	0
3531	6	0
3532	21	0
3532.1	2	0
3532.2	10	0
3533	29	0
3534	23	0
3536	3	0
3537	9	0
3538	22	0
3539	9	0
3540	11	0
3541	14	0
3542	30	0
3542.1	9	0
3543	12	0
3544	10	0
3545	8	0
3546	14	0
3547	7	0
3548	7	0
3549	3	0
3550	5	0
3551	15	0
3553	46	0
3554	26	0
3555	21	0
3556	15	0
3557	15	0
3559	7	0
3560	6	0
3561	42	0
3562	12	0
3563	6	0
3564	13	0
3565	13	0
3566	2	0
3567	9	0
3567.1	2	0
3568	5	0
3569	18	0
3570	23	0
3571	8	0
3572	12	0
3572.1	15	0
3573	22	0
3573.1	14	0
3573.11	3	0
3573.12	3	0
3573.13	2	0
3573.14	3	0
3573.15	1	0
3573.2	5	0
3573.3	32	0
3573.4	10	0
3573.5	5	0
3573.6	4	0
3573.7	4	0
3573.8	8	0
3573.9	2	0
3574	18	0
3575	12	0
3576	19	0
3577	6	0
3578	11	0
3579	11	0
3580	38	0
3580.1	1	0
3580.2	2	0
3581	5	0
3582	13	0
3583	42	0
3584	30	0
3585	10	0
3586	10	0
3587	10	0
3588	27	0
3589	10	0
3590	8	0
3591	19	0
3592	5	0
3593	3	0
3594	30	0
3595	11	0
3596	10	0
3597	13	0
3598	25	0
3599	13	0
3600	26	0
3601	18	0
3602	12	0
3603	31	0
3604	22	0
3605	10	0
3606	14	0
3607	2	0
3608	20	0
3609	12	0
3610	25	0
3612	42	0
3612.1	39	0
3613	21	0
3614	16	0
3615.1	52	0
3615.2	15	0
3615.3	29	0
3615.4	3	0
3616	30	0
3617	7	0
3618	12	0
3619	11	0
3620	3	0
3621	16	0
3622	16	0
3622.1	18	0
3623	18	0
3624	20	0
3625	8	0
3626	23	0
3627	6	0
3628	2	0
3629	36	0
3630	4	0
3631	3	0
3632	26	0
3633	17	0
3634	24	0
3636	22	0
3637	20	0
3638	9	0
3639	12	0
3640	8	0
3641	38	0
3642	13	0
3643	30	0
3644	18	0
3645	7	0
3646	14	0
3647	17	0
3648	17	0
3649	24	0
3650	5	0
3651	12	0
3652	8	0
3653	11	0
3653.1	4	0
3654	5	0
3655	16	0
3656	10	0
3657	10	0
3658	27	0
3659	12	0
3660	15	0
3661	16	0
3663	21	0
3664	8	0
3665	13	0
3666	14	0
3667	12	0
3668	10	0
3669	11	0
3670	17	0
3671	15	0
3671.1	3	0
3671.2	3	0
3672	8	0
3673	15	0
3674	14	0
3675	18	0
3676	12	0
3677	8	0
3678	24	0
3679	17	0
3680	20	0
3681	13	0
3682	27	0
3684	15	0
3685	9	0
3686	27	0
3687	4	0
3688	13	0
3689	8	0
3690	12	0
3691	21	0
3692	14	0
3693	16	0
3694	8	0
3695	15	0
3696	21	0
3697	16	0
3698	2	0
3699	18	0
3700	15	0
3701	15	0
3703	29	0
3704	5	0
3705	31	0
3706	13	0
3706.1	9	0
3707	13	0
3708	17	0
3709	14	0
3710	6	0
3711	7	0
3712	9	0
3712.1	7	0
3713	12	0
3714	34	0
3715	4	0
3716	8	0
3717	11	0
3718	18	0
3718.1	3	0
3718.2	1	0
3719	19	0
3720	22	0
3721	4	0
3722	3	0
3723	15	0
3724	4	0
3725	6	0
3726	11	0
3727	9	0
3728	11	0
3729	14	0
3730	10	0
3731	17	0
3732	24	0
3733	6	0
3734	7	0
3735	18	0
3736	21	0
3737	26	0
3739	17	0
3740	13	0
3741	9	0
3742	17	0
3743	10	0
3743.1	2	0
3744	1	0
3745	1	0
3746	6	0
3747	16	0
3748	25	0
3749	52	0
3750	9	0
3750.1	4	0
3751	33	0
3752	3	0
3753	14	0
3754	3	0
3755	2	0
3756	7	0
3756.1	3	0
3756.2	5	0
3756.3	3	0
3757	13	0
3758	10	0
3759	6	0
3760	7	0
3761	16	0
3762	1	0
3763	4	0
3764	25	0
3765	14	0
3766	17	0
3767	23	0
3767.1	5	0
3767.2	3	0
3767.3	3	0
3768	39	0
3769	9	0
3770	8	0
3771	16	0
3772	15	0
3773	10	0
3774	7	0
3775	11	0
3776	6	0
3777	2	0
3778	11	0
3779	8	0
3780	2	0
3781	15	0
3782	20	0
3783	7	0
3784	37	0
3785	11	0
3786	20	0
3787	19	0
3788	10	0
3789	5	0
3790	7	0
3791	33	0
3792	13	0
3793	16	0
3794	15	0
3795	18	0
3796	23	0
3797	5	0
3798	29	0
3799	9	0
3800	3	0
3801	35	0
3802	13	0
3803	13	0
3804	15	0
3805	7	0
3806	18	0
3807	13	0
3808	9	0
3808.1	4	0
3809	3	0
3810	15	0
3811	9	0
3812	14	0
3813	32	0
3814	15	0
3814.1	2	0
3815	11	0
3816	10	0
3817	13	0
3818	4	0
3819	4	0
3820	12	0
3821	5	0
3822	38	0
3823	32	0
3824	26	0
3825	31	0
3826	9	0
3827	18	0
3828	13	0
3829	16	0
3830	38	0
3831	32	0
3833	29	0
3835	20	0
3836	18	0
3837	16	0
3838	4	0
3839	18	0
3840	6	0
3841	23	0
3842	17	0
3844	28	0
3846	3	0
3847	4	0
3848	20	0
3849	9	0
3850	6	0
3851	31	0
3852	11	0
3853	2	0
3854	6	0
3855	25	0
3856	12	0
3857	5	0
3858	3	0
3859	2	0
3860	5	0
3861	14	0
3862	12	0
3863	16	0
3864	13	0
3865	17	0
3866	15	0
3867	6	0
3868	16	0
3869	32	0
3870	8	0
3871	17	0
3872	18	0
3873	15	0
3874	16	0
3875	12	0
3876	4	0
3876.1	2	0
3877	8	0
3878	2	0
3879	3	0
3880	2	0
3881	18	0
3882	7	0
3883	13	0
3884	24	0
3885	28	0
3886	13	0
3887	17	0
3888	47	0
3889	7	0
3890	14	0
3891	18	0
3892	11	0
3893	47	0
3894	23	0
3895	10	0
3896	6	0
3897	9	0
3898	27	0
3899	12	0
3899.1	41	0
3900	53	0
3901	55	0
3902	49	0
3903	23	0
3904	25	0
3905	16	0
3906	16	0
3907	58	0
3908	24	0
3909	24	0
3910	17	0
3911	16	0
3912	41	0
3913	18	0
3914	4	0
3915	29	0
3916	33	0
3917	13	0
3918	26	0
3919	2	0
3920	28	0
3921	3	0
3922	12	0
3923	11	0
3924	14	0
3925	14	0
3925.1	8	0
3926	32	0
3927	8	0
3928	44	0
3929	18	0
3930	39	0
3931	78	0
3932	47	0
3933	117	0
3934	50	0
3935	18	0
3936	8	0
3937	32	0
3938	10	0
3939	11	0
3940	9	0
3941	11	0
3942	23	0
3943	15	0
3944	6	0
3945	10	0
3946	13	0
3947	16	0
3948	8	0
3949	8	0
3950	13	0
3951	17	0
3952	3	0
3953	4	0
3954	4	0
3954.1	11	0
3955	3	0
3957	5	0
3958	3	0
3959	3	0
3960	14	0
3961	7	0
3962	3	0
3963	9	0
3964	9	0
3965	5	0
3966	2	0
3967	4	0
3968	4	0
3969	30	0
3970	11	0
3971	11	0
3972	3	0
3972.1	3	0
3973	14	0
3974	80	0
3974.1	11	0
3975	14	0
3976	7	0
3977	17	0
3978	18	0
3979	9	0
3980	20	0
3981	31	0
3982	29	0
3983	38	0
3985	25	0
3986	5	0
3987	12	0
3988	5	0
3989	4	0
3990	25	0
3991	27	0
3992	5	0
3993	38	0
3994	2	0
3995	4	0
3996	23	0
3997	23	0
3998	16	0
3999	33	0
4000	22	0
4001	23	0
4002	28	0
4003	29	0
4004	19	0
4005	5	0
4006	9	0
4007	10	0
4008	2	0
4010	51	0
4011	13	0
4012	15	0
4013	8	0
4014	6	0
4016	20	0
4017	16	0
4018	14	0
4019	3	0
4020	26	0
4022	51	0
4023	3	0
4024	5	0
4025	10	0
4026	19	0
4026.1	2	0
4027	11	0
4028	40	0
4029	54	0
4030	9	0
4031	11	0
4032	18	0
4033	5	0
4034	24	0
4035	11	0
4035.1	8	0
4036	18	0
4037	20	0
4038	13	0
4039	3	0
4040	23	0
4040.1	12	0
4041	4	0
4041.1	2	0
4041.2	3	0
